0.200000 2.848903 0.567814 -1.450770 0.679939 0.079069 0.079069
0.250000 2.186800 0.544944 -1.286955 0.671920 0.079790 0.079790 
0.300000 1.725163 0.521502 -1.145829 0.663088 0.080603 0.080603 
0.350000 1.382707 0.498174 -1.022598 0.653652 0.081498 0.081498 
0.400000 1.118227 0.475398 -0.914468 0.643787 0.082469 0.082469 
0.450000 0.908269 0.453443 -0.819396 0.633633 0.083511 0.083511 
0.500000 0.738108 0.432466 -0.735525 0.623305 0.084619 0.084619 
0.550000 0.597894 0.412548 -0.661192 0.612892 0.085789 0.085789 
0.600000 0.480777 0.393715 -0.594994 0.602464 0.087019 0.087019 
0.650000 0.381861 0.375961 -0.535782 0.592079 0.088305 0.088305 
0.700000 0.297552 0.359251 -0.482619 0.581783 0.089643 0.089643 
0.750000 0.225155 0.343537 -0.434736 0.571613 0.091030 0.091030 
0.800000 0.162599 0.328763 -0.391490 0.561599 0.092463 0.092463 
0.850000 0.108264 0.314866 -0.352336 0.551767 0.093936 0.093936 
0.900000 0.060858 0.301788 -0.316805 0.542134 0.095447 0.095447 
0.950000 0.019335 0.289470 -0.284493 0.532716 0.096990 0.096990 
1.000000 -0.017158 0.277855 -0.255045 0.523525 0.098562 0.098562 
1.050000 -0.049326 0.266891 -0.228156 0.514569 0.100158 0.100158 
1.100000 -0.077757 0.256529 -0.203556 0.505854 0.101773 0.101773 
1.150000 -0.102942 0.246724 -0.181014 0.497385 0.103403 0.103403 
1.200000 -0.125294 0.237436 -0.160327 0.489165 0.105044 0.105044 
1.250000 -0.145165 0.228629 -0.141317 0.481195 0.106692 0.106692 
1.300000 -0.162856 0.220270 -0.123829 0.473475 0.108341 0.108341 
1.350000 -0.178625 0.212331 -0.107726 0.466004 0.109988 0.109988 
1.400000 -0.192695 0.204787 -0.092888 0.458780 0.111628 0.111628 
1.450000 -0.205261 0.197616 -0.079205 0.451800 0.113259 0.113259 
1.500000 -0.216494 0.190799 -0.066582 0.445062 0.114875 0.114875 
1.550000 -0.226542 0.184318 -0.054931 0.438560 0.116475 0.116475 
1.600000 -0.235538 0.178157 -0.044174 0.432291 0.118054 0.118054 
1.650000 -0.243600 0.172304 -0.034240 0.426248 0.119611 0.119611 
1.700000 -0.250829 0.166746 -0.025063 0.420427 0.121142 0.121142 
1.750000 -0.257320 0.161470 -0.016586 0.414822 0.122646 0.122646 
1.800000 -0.263152 0.156466 -0.008753 0.409425 0.124120 0.124120 
1.850000 -0.268399 0.151724 -0.001515 0.404232 0.125564 0.125564 
1.900000 -0.273126 0.147234 0.005172 0.399234 0.126975 0.126975 
1.950000 -0.277390 0.142986 0.011352 0.394426 0.128354 0.128354 
2.000000 -0.281244 0.138971 0.017061 0.389800 0.129698 0.129698 
2.050000 -0.284731 0.135180 0.022336 0.385350 0.131008 0.131008 
2.100000 -0.287894 0.131606 0.027209 0.381068 0.132283 0.132283 
2.150000 -0.290768 0.128238 0.031709 0.376949 0.133523 0.133523 
2.200000 -0.293385 0.125069 0.035865 0.372986 0.134728 0.134728 
2.250000 -0.295774 0.122091 0.039702 0.369171 0.135899 0.135899 
2.300000 -0.297960 0.119295 0.043243 0.365499 0.137035 0.137035 
2.350000 -0.299966 0.116673 0.046511 0.361964 0.138137 0.138137 
2.400000 -0.301812 0.114218 0.049525 0.358560 0.139206 0.139206 
2.450000 -0.303514 0.111921 0.052304 0.355280 0.140243 0.140243 
2.500000 -0.305090 0.109776 0.054866 0.352119 0.141247 0.141247 
2.550000 -0.306552 0.107773 0.057227 0.349072 0.142221 0.142221 
2.600000 -0.307912 0.105907 0.059401 0.346134 0.143164 0.143164 
2.650000 -0.309182 0.104169 0.061403 0.343300 0.144077 0.144077 
2.700000 -0.310371 0.102553 0.063246 0.340564 0.144963 0.144963 
2.750000 -0.311487 0.101051 0.064941 0.337923 0.145820 0.145820 
2.800000 -0.312537 0.099658 0.066500 0.335371 0.146651 0.146651 
2.850000 -0.313529 0.098365 0.067934 0.332906 0.147456 0.147456 
2.900000 -0.314467 0.097168 0.069251 0.330523 0.148236 0.148236 
2.950000 -0.315358 0.096061 0.070461 0.328218 0.148993 0.148993 
3.000000 -0.316204 0.095037 0.071572 0.325988 0.149726 0.149726 
3.050000 -0.317011 0.094090 0.072592 0.323829 0.150436 0.150436 
3.100000 -0.317782 0.093217 0.073529 0.321739 0.151126 0.151126 
3.150000 -0.318519 0.092411 0.074387 0.319713 0.151795 0.151795 
