0.200000  3.063411  0.144195 
0.250000  3.054700  -0.323957 
0.300000  3.045207  -0.613031 
0.350000  3.034821  -0.800427 
0.400000  3.023473  -0.925179 
0.450000  3.011118  -1.009115 
0.500000  2.997697  -1.065385 
0.550000  2.983138  -1.102360 
0.600000  2.967352  -1.125597 
0.650000  2.950256  -1.138909 
0.700000  2.931766  -1.144980 
0.750000  2.911797  -1.145742 
0.800000  2.890270  -1.142614 
0.850000  2.867118  -1.136651 
0.900000  2.842270  -1.128654 
0.950000  2.815678  -1.119237 
1.000000  2.787294  -1.108873 
1.050000  2.757092  -1.097934 
1.100000  2.725069  -1.086711 
1.150000  2.691242  -1.075436 
1.200000  2.655661  -1.064295 
1.250000  2.618408  -1.053435 
1.300000  2.579615  -1.042970 
1.350000  2.539439  -1.032992 
1.400000  2.498092  -1.023569 
1.450000  2.455802  -1.014748 
1.500000  2.412856  -1.006563 
1.550000  2.369533  -0.999027 
1.600000  2.326152  -0.992141 
1.650000  2.283018  -0.985898 
1.700000  2.240437  -0.980274 
1.750000  2.198690  -0.975246 
1.800000  2.158033  -0.970772 
1.850000  2.118684  -0.966821 
1.900000  2.080835  -0.963345 
1.950000  2.044613  -0.960306 
2.000000  2.010138  -0.957659 
2.050000  1.977465  -0.955364 
2.100000  1.946636  -0.953381 
2.150000  1.917652  -0.951674 
2.200000  1.890492  -0.950209 
2.250000  1.865118  -0.948956 
2.300000  1.841477  -0.947885 
2.350000  1.819497  -0.946974 
2.400000  1.799109  -0.946201 
2.450000  1.780229  -0.945546 
2.500000  1.762778  -0.944990 
2.550000  1.746663  -0.944522 
2.600000  1.731812  -0.944126 
2.650000  1.718135  -0.943792 
2.700000  1.705551  -0.943513 
2.750000  1.693986  -0.943277 
2.800000  1.683369  -0.943078 
2.850000  1.673619  -0.942913 
2.900000  1.664684  -0.942773 
2.950000  1.656496  -0.942660 
3.000000  1.648996  -0.942562 
3.050000  1.642127  -0.942479 
3.100000  1.635842  -0.942414 
3.150000  1.630096  -0.942357